{
 "16": {
  "bits_sort": 7160, 
  "bits_origin_time": 3.5544021129608154, 
  "bits_sim_columnwise_time": 0.45627522468566895, 
  "bits_sim_first": 6435, 
  "bits_sim_columnwise": 5794, 
  "bits_sim_pairwise_time": 0.008269071578979492, 
  "bits_sim_first_time": 0.005978822708129883, 
  "bits_unsort": 8986, 
  "bits_sim_pairwise": 6435, 
  "bits_random": 9052, 
  "bits_origin": 5915
 }, 
 "max_nodes": 50, 
 "sim_time": 0.9388678073883057, 
 "leaf_number": 529, 
 "4": {
  "bits_sort": 11579, 
  "bits_origin_time": 1.847625970840454, 
  "bits_sim_columnwise_time": 0.0948951244354248, 
  "bits_sim_first": 9687, 
  "bits_sim_columnwise": 9715, 
  "bits_sim_pairwise_time": 0.007166147232055664, 
  "bits_sim_first_time": 0.0054090023040771484, 
  "bits_unsort": 12601, 
  "bits_sim_pairwise": 9687, 
  "bits_random": 12545, 
  "bits_origin": 9920
 }, 
 "32": {
  "bits_sort": 4730, 
  "bits_origin_time": 4.254846096038818, 
  "bits_sim_columnwise_time": 0.89742112159729, 
  "bits_sim_first": 4823, 
  "bits_sim_columnwise": 4176, 
  "bits_sim_pairwise_time": 0.008853912353515625, 
  "bits_sim_first_time": 0.006369113922119141, 
  "bits_unsort": 6280, 
  "bits_sim_pairwise": 4823, 
  "bits_random": 6383, 
  "bits_origin": 3992
 }, 
 "64": {
  "bits_sort": 2832, 
  "bits_origin_time": 4.7900550365448, 
  "bits_sim_columnwise_time": 1.9246749877929688, 
  "bits_sim_first": 3342, 
  "bits_sim_columnwise": 2682, 
  "bits_sim_pairwise_time": 0.00886082649230957, 
  "bits_sim_first_time": 0.006212949752807617, 
  "bits_unsort": 3783, 
  "bits_sim_pairwise": 3342, 
  "bits_random": 3823, 
  "bits_origin": 2589
 }, 
 "8": {
  "bits_sort": 9642, 
  "bits_origin_time": 2.7184770107269287, 
  "bits_sim_columnwise_time": 0.2101438045501709, 
  "bits_sim_first": 8023, 
  "bits_sim_columnwise": 7731, 
  "bits_sim_pairwise_time": 0.007914066314697266, 
  "bits_sim_first_time": 0.0058019161224365234, 
  "bits_unsort": 11192, 
  "bits_sim_pairwise": 8023, 
  "bits_random": 11178, 
  "bits_origin": 7866
 }, 
 "type": "middle", 
 "traj_num": 500, 
 "non_zero_num": 13766
}