{
 "16": {
  "bits_sort": 15544, 
  "bits_origin_time": 12.397999048233032, 
  "bits_sim_columnwise_time": 0.3827991485595703, 
  "bits_sim_first": 14534, 
  "bits_sim_columnwise": 13457, 
  "bits_sim_pairwise_time": 0.015336036682128906, 
  "bits_sim_first_time": 0.00934290885925293, 
  "bits_unsort": 17948, 
  "bits_sim_pairwise": 14534, 
  "bits_random": 17878, 
  "bits_origin": 13312
 }, 
 "32": {
  "bits_sort": 12202, 
  "bits_origin_time": 15.192077875137329, 
  "bits_sim_columnwise_time": 0.7957010269165039, 
  "bits_sim_first": 12702, 
  "bits_sim_columnwise": 10942, 
  "bits_sim_pairwise_time": 0.015665054321289062, 
  "bits_sim_first_time": 0.009541034698486328, 
  "bits_unsort": 15154, 
  "bits_sim_pairwise": 12702, 
  "bits_random": 15474, 
  "bits_origin": 10541
 }, 
 "sim_time": 1.5830681324005127, 
 "leaf_number": 2209, 
 "4": {
  "bits_sort": 19872, 
  "bits_origin_time": 6.201682090759277, 
  "bits_sim_columnwise_time": 0.09133696556091309, 
  "bits_sim_first": 17752, 
  "bits_sim_columnwise": 17674, 
  "bits_sim_pairwise_time": 0.014592170715332031, 
  "bits_sim_first_time": 0.009462118148803711, 
  "bits_unsort": 20539, 
  "bits_sim_pairwise": 17752, 
  "bits_random": 20482, 
  "bits_origin": 17835
 }, 
 "max_nodes": 20, 
 "64": {
  "bits_sort": 8624, 
  "bits_origin_time": 17.664258003234863, 
  "bits_sim_columnwise_time": 1.6684000492095947, 
  "bits_sim_first": 9736, 
  "bits_sim_columnwise": 8168, 
  "bits_sim_pairwise_time": 0.015677928924560547, 
  "bits_sim_first_time": 0.00960683822631836, 
  "bits_unsort": 11376, 
  "bits_sim_pairwise": 9736, 
  "bits_random": 11537, 
  "bits_origin": 7827
 }, 
 "non_zero_num": 21274, 
 "type": "middle", 
 "traj_num": 500, 
 "8": {
  "bits_sort": 18092, 
  "bits_origin_time": 9.229130983352661, 
  "bits_sim_columnwise_time": 0.19381213188171387, 
  "bits_sim_first": 16192, 
  "bits_sim_columnwise": 15739, 
  "bits_sim_pairwise_time": 0.015311002731323242, 
  "bits_sim_first_time": 0.00923299789428711, 
  "bits_unsort": 19641, 
  "bits_sim_pairwise": 16192, 
  "bits_random": 19408, 
  "bits_origin": 15817
 }
}